{"name":"pick", "init_ee_pose": [0.6176668832894565, 0.23440415460955996, 0.2819298816127229], "init_ee_rot": [[-0.7232444103357175, 0.6905199193383271, -0.00998818878128954], [0.6866676772702328, 0.7175194367271168, -0.11684758838377687], [-0.07351886771736868, -0.0913679315503599, -0.9930996310409973]], "q": [ 0.1850362, 0.40448303, 0.21157583, -1.8849299, -0.22025165, 2.16936279, -1.86520921]}
{"name":"none", "init_ee_pose": [0.5751431109255896, 0.2388503274778794, 0.4062995483588323], "init_ee_rot": [[0.741253198314182, 0.6693167784419318, -0.050584049710450746], [0.6607127497836984, -0.7408542726039772, -0.12080401085102883], [-0.11833156071927417, 0.05612483283311909, -0.9913867282131605]], "q": [0.380725484974137, 0.2709276392014956, 0.026339594595690147, -1.7543363355379666, -0.10479729101776056, 1.928577383304603, -0.2834570819420221]}
{"name":"put", "init_ee_pose": [0.5739547262277661, -0.1490643964686182, 0.39109713757288544], "init_ee_rot": [[0.7419730200489667, 0.6665289544129114, -0.07221627551076396], [0.6568129023935367, -0.7442731342647718, -0.12105499932291708], [-0.1344352958444841, 0.042386961921374325, -0.9900154022490166]], "q": [-0.025618523423475717, 0.18571219564933367, -0.22699352724584368, -1.9323872277499108, -0.10714389966252504, 2.0706494030655054, -0.9237536021706692]}
{"name":"touch", "init_ee_pose": [0.5739547262277661, -0.1490643964686182, 0.39109713757288544], "init_ee_rot": [[0.7419730200489667, 0.6665289544129114, -0.07221627551076396], [0.6568129023935367, -0.7442731342647718, -0.12105499932291708], [-0.1344352958444841, 0.042386961921374325, -0.9900154022490166]], "q": [-0.025618523423475717, 0.18571219564933367, -0.22699352724584368, -1.9323872277499108, -0.10714389966252504, 2.0706494030655054, -0.9237536021706692]}
{"name":"none", "init_ee_pose": [0.5739547262277661, -0.1490643964686182, 0.39109713757288544], "init_ee_rot": [[0.7419730200489667, 0.6665289544129114, -0.07221627551076396], [0.6568129023935367, -0.7442731342647718, -0.12105499932291708], [-0.1344352958444841, 0.042386961921374325, -0.9900154022490166]], "q": [-0.025618523423475717, 0.18571219564933367, -0.22699352724584368, -1.9323872277499108, -0.10714389966252504, 2.0706494030655054, -0.9237536021706692]}
{"name":"none", "init_ee_pose": [0.5751431109255896, 0.2388503274778794, 0.4062995483588323], "init_ee_rot": [[0.741253198314182, 0.6693167784419318, -0.050584049710450746], [0.6607127497836984, -0.7408542726039772, -0.12080401085102883], [-0.11833156071927417, 0.05612483283311909, -0.9913867282131605]], "q": [0.380725484974137, 0.2709276392014956, 0.026339594595690147, -1.7543363355379666, -0.10479729101776056, 1.928577383304603, -0.2834570819420221]}